 1950  0.7800000     -0.9400000     -0.2200000      0.4600000      0.2800000      0.1900000      0.8600000       1.350000      -1.430000      0.3100000       1.200000      0.7700000    
 1951  0.2300000       1.250000     -0.9100000     -0.7700000      0.5000000     -0.2000000E-01  -1.570000       1.530000     -0.8200000      0.7800000      0.4300000     -0.7100000    
 1952 -0.5000000     -0.7500000     -0.3900000       1.010000     -0.3800000     -0.5600000      0.1600000     -0.9900000     -0.7000000       1.780000       1.240000      0.8500000    
 1953 -0.9000000E-01 -0.6100000      -1.160000     -0.1900000     -0.5300000       1.600000      -1.580000      0.3200000      0.2400000       1.230000      0.2000000E-01   1.030000    
 1954  0.7700000       1.630000      0.3800000     -0.5400000      0.3100000      0.2000000      0.5200000     -0.4500000     -0.9500000     -0.5900000       1.150000       3.060000    
 1955  -1.360000     -0.8700000     -0.2100000     -0.1400000      -1.270000      0.2200000       1.810000       2.420000      0.6400000     -0.9000000E-01 -0.2600000     -0.4200000    
 1956 -0.2300000      0.4600000      0.9000000      0.2500000     -0.8200000      0.6600000     -0.1300000     -0.4500000       1.110000      0.2700000     -0.6500000       2.250000    
 1957  0.7500000     -0.9200000     -0.2700000      0.8300000      0.8000000E-01 -0.6400000      0.6300000     -0.2200000     -0.8000000      -1.310000      0.5600000     -0.3000000    
 1958 -0.3400000     -0.3800000      0.2800000       1.310000     -0.3400000      0.3100000     -0.3300000      0.7500000       1.480000      0.7300000      0.4800000     -0.6000000    
 1959 -0.6500000      0.2300000      0.4600000      0.2600000      0.7300000     -0.2200000       0.000000      0.9900000      0.1900000       2.380000       2.040000       2.290000    
 1960  0.6000000E-01 -0.2900000       1.750000      0.9300000      0.4700000      0.1600000       1.550000       1.810000       1.410000       2.090000       1.440000      0.4800000    
 1961   1.210000     -0.7000000E-01  -1.640000     -0.3400000      0.4100000      0.6500000      0.3500000      0.1400000       1.380000       2.750000      0.5000000      0.2500000    
 1962 -0.5300000     -0.6400000     -0.9200000      0.6400000      -1.250000     -0.9000000E-01 -0.8300000     -0.9600000     -0.1400000     -0.1400000       1.210000     -0.6100000    
 1963 -0.6400000     -0.2000000E-01 -0.6000000      0.9500000      0.9400000      0.9800000      0.7700000      0.3900000      0.4600000      0.2300000      0.2000000E-01  -1.550000    
 1964  0.3800000     -0.4600000       1.170000      0.8400000      0.7000000E-01  0.4100000      -1.060000      0.2600000     -0.8400000       1.150000      -1.030000       1.160000    
 1965  0.3900000     -0.2100000     -0.4200000      0.2900000     -0.6100000      0.1400000      -1.360000      0.5300000      0.9900000       1.670000      0.5700000      0.9500000    
 1966  0.3300000     -0.1600000     -0.4500000       1.500000      0.2400000       1.250000      0.4300000      0.2300000      -1.730000       1.900000       1.000000       3.150000    
 1967  0.1900000      0.6400000     -0.7300000      -1.120000       1.370000      0.3800000      -1.720000       1.120000       1.210000      -1.580000       1.360000      -1.230000    
 1968  -1.060000     -0.4400000      -1.360000     -0.2000000      0.7400000       1.010000      0.8700000      0.5700000      0.9700000     -0.4500000       1.560000       1.060000    
 1969   1.490000       1.410000      0.5200000      0.2800000       1.470000       1.050000      -2.150000       1.440000     -0.6000000E-01 -0.6500000     -0.2700000       1.200000    
 1970  0.8400000     -0.4500000       1.110000     -0.4100000      0.8100000       1.530000      -1.240000       2.240000     -0.3300000     -0.5700000      0.3000000E-01  0.7300000    
 1971 -0.1800000      0.1100000      0.3000000      0.4100000       1.340000       1.310000       0.000000      0.1800000     -0.3000000     -0.7400000      -1.430000      0.4400000    
 1972   2.420000       2.010000      0.1500000     -0.8900000       1.630000       1.750000       2.130000       1.320000       1.240000      0.5200000     -0.3400000      0.5900000    
 1973   1.680000     -0.5700000     -0.2400000     -0.1300000      0.2700000      0.5600000       1.860000     -0.9500000     -0.6700000     -0.5900000      -1.870000      -1.520000    
 1974   1.180000      0.5600000       1.710000      0.8900000      0.1700000       1.410000      0.1000000      0.2600000      0.8500000       1.000000      0.8800000       2.060000    
 1975 -0.8100000      0.2900000     -0.6000000E-01 -0.5100000      0.5000000      0.2800000     -0.1300000       1.720000      0.2200000       1.730000      0.1000000      -1.480000    
 1976  -1.570000      0.8700000       1.170000     -0.4000000      0.3600000      0.1400000       2.140000       1.530000      0.3300000       2.750000      0.6800000       1.890000    
 1977   1.110000      0.8400000     -0.6000000      -1.590000     -0.2500000      0.5800000       2.110000       1.380000     -0.5400000       1.800000     -0.6600000      0.4900000    
 1978  0.5100000      0.2300000      0.4300000      0.7900000      0.8700000      0.4400000      0.9900000      0.9400000      -1.600000     -0.5000000     -0.6800000     -0.2300000    
 1979  0.5300000      0.1900000      0.7500000      0.2200000     -0.3800000      0.1900000      -1.450000      0.3800000      -1.410000       1.260000     -0.1500000      0.3500000    
 1980  0.4400000      0.8200000       1.270000      0.6200000      0.6800000      0.3200000      0.6300000      -1.350000     -0.1400000      -1.170000     -0.4000000      -1.510000    
 1981 -0.7500000      0.5900000     -0.8700000      -1.340000       1.420000      -1.070000      0.7000000     -0.5000000E-01 -0.6000000E-01  -1.350000     -0.6900000     -0.4700000    
 1982 -0.7700000      0.7300000      0.7200000      -1.570000     -0.8600000     -0.9500000      0.3900000     -0.5000000     -0.3000000       1.470000      0.2100000     -0.2800000    
 1983  -1.330000      0.4700000     -0.5200000       1.240000       1.480000     -0.5500000      0.7400000     -0.4400000      0.6000000E-01  -1.870000      -1.830000      -1.870000    
 1984 -0.4600000       1.310000       1.460000       1.510000      0.9800000      0.3000000E-01 -0.7200000       1.240000     -0.3800000     -0.3000000       1.130000       2.840000    
 1985  0.4100000     -0.2000000       1.070000     -0.8800000       1.280000      0.1100000      0.1500000      0.2500000      -2.120000      0.3700000      0.6000000E-01  0.6000000E-01
 1986  0.1600000      0.9400000       1.150000      0.3900000      0.1400000       1.400000      -1.950000      0.5500000      -2.040000      -1.690000      0.1500000      0.4900000    
 1987  0.1800000     -0.5200000       1.030000      0.6600000      -1.400000      0.3200000     -0.9700000      -1.650000      -1.010000       1.400000      0.3600000      -1.380000    
 1988  0.7200000      0.6000000      0.4900000     -0.9600000      0.8500000       1.930000      0.8100000     -0.1900000      -1.080000      0.1000000      -1.750000      -1.980000    
 1989 -0.3100000      -1.140000     -0.6200000       1.960000      -1.850000      0.7800000      0.2000000      0.2100000      0.5900000     -0.6500000      0.8900000      -1.580000    
 1990  0.1600000      -1.680000      -1.970000     -0.7200000      0.7400000      0.3000000E-01 -0.7900000     -0.1500000     -0.2100000       1.220000     -0.8000000E-01 -0.1500000    
 1991   0.000000       1.720000      0.9200000     -0.8600000      -1.530000     -0.7100000     -0.5100000     -0.2800000      -1.370000      0.1800000      0.2000000E-01  0.1000000E-01
 1992 -0.2000000E-01 -0.3000000E-01  0.4100000      0.3200000     -0.6700000       2.340000      -1.030000      -1.240000       1.590000     -0.8000000E-01 -0.7300000     -0.1800000    
 1993  -1.290000      0.6000000E-01 -0.1000000      0.5900000       1.490000     -0.4800000     -0.1800000     -0.6300000       1.180000      0.7600000       1.900000     -0.4000000E-01
 1994 -0.2400000       1.250000     -0.7200000      0.4000000      0.5200000      -1.540000      0.6000000      0.5000000     -0.2000000E-01  -1.330000     -0.5300000       1.350000    
 1995 -0.9000000E-01  -2.080000     -0.3200000     -0.9800000     -0.3500000       1.690000     -0.3600000      0.6000000E-01  0.2200000      0.6900000     -0.2500000     -0.8900000    
 1996   2.860000     -0.2200000       2.150000       1.240000      0.3600000     -0.3300000      -1.590000       2.930000       1.030000      0.4000000      0.1000000E-01 -0.1900000    
 1997  0.7000000E-01 -0.8700000      -1.330000      -2.440000     -0.6600000       1.640000       2.610000       1.180000      -1.420000      -2.170000       1.420000      0.6100000    
 1998  0.5900000     -0.5600000     -0.5000000E-01  0.5400000      0.2500000      -1.020000      -1.630000      -2.190000       1.410000     -0.4900000     -0.3700000     -0.9500000    
 1999 -0.1000000E-01  -1.710000       1.680000     -0.2500000      -1.280000      0.4900000     -0.1000000E-01 -0.3900000       1.240000      0.8100000     -0.3900000     -0.3400000    
 2000  -1.020000      -1.160000     -0.9200000      0.3400000      0.2700000      -1.140000       1.460000     -0.1100000       1.420000       1.070000       1.910000      0.9400000    
 2001   1.450000     -0.7000000E-01 -0.5300000     -0.5200000     -0.7300000     -0.5800000      0.5700000     -0.5500000      0.4500000       1.320000      -2.060000      0.6800000    
 2002 -0.7000000      -1.610000     -0.3900000      0.9400000       1.300000     -0.4300000      0.2000000       1.220000      0.8800000      0.6000000E-01  0.8000000      0.9600000    
 2003 -0.5100000       1.550000     -0.3600000      0.9000000     -0.6700000     -0.7700000       1.010000      -1.310000     -0.1300000     -0.6200000       1.510000     -0.9400000    
 2004 -0.2500000     -0.1400000       1.120000       1.040000      -1.530000      -1.260000     -0.5000000      0.5500000     -0.2100000      0.5500000     -0.9700000      0.1300000    
 2005 -0.3600000      0.7400000     -0.6900000      0.1700000      -1.490000     -0.4400000      0.6800000       0.000000     -0.5000000      0.4800000      0.4900000      0.9400000    
 2006   2.110000      0.1200000     -0.6600000     -0.1100000      0.1300000     -0.1100000     -0.6600000       1.890000      0.4500000       1.220000     -0.4500000     -0.4000000E-01
 2007  -2.330000      0.5400000      0.5300000      -1.320000      0.4200000       1.050000     -0.2000000     -0.1300000     -0.5300000     -0.1600000     -0.8100000      0.4300000    
 2008  0.4600000     -0.2100000      -1.760000      0.1800000      0.5300000     -0.1500000       1.330000     -0.2800000       1.160000     -0.9700000     -0.7100000      0.3800000    
 2009  0.6000000E-01  0.5300000     -0.5100000     -0.1200000      0.3800000      0.2700000      -1.130000     -0.2100000     -0.8000000     -0.7400000      0.8200000      0.8600000    
 2010   1.230000       1.040000     -0.4000000     -0.3300000      0.4700000     -0.5500000      0.7900000     -0.3000000      0.5000000      0.3300000     -0.8000000E-01  0.6000000    
 2011 -0.2400000      0.3000000     -0.9800000     -0.4000000      -1.080000     -0.5700000       2.480000      0.2400000     -0.6100000     -0.2700000      0.6200000      0.5300000    
 2012  0.5700000      0.3400000     -0.4700000     -0.9300000     -0.5800000      -1.420000     -0.5600000      0.8500000     -0.9300000     -0.2800000      0.6800000       2.000000    
 2013  0.8000000E-01   1.000000     -0.5700000      -1.100000      0.4800000      0.3000000     -0.3000000E-01 -0.8200000      0.3800000      0.6700000     -0.7000000     -0.7300000    
 2014   1.750000       1.100000     -0.4700000     -0.6600000     -0.4900000      0.1900000      -999.9000      -999.9000      -999.9000      -999.9000      -999.9000      -999.9000    